start=2904.648000
fullscreen=yes
sid=4
sub-delay=-8.799997
