start=2822.289000
fullscreen=yes
sid=5
sub-delay=-8.999998
