start=5107.041667
volume=80.000000
fullscreen=yes
sub-delay=12.100008
