start=1160.284125
volume=105.000000
