start=1.158600
ab-loop-a=-0.109333
