start=2603.221000
fullscreen=yes
sid=2
sub-delay=7.199996
