start=5575.280000
volume=70.000000
fullscreen=yes
sid=3
