start=7386.891307
volume=85.000000
fullscreen=yes
sid=2
