start=2700.615000
volume=105.000000
fullscreen=yes
sid=4
sub-delay=16.200026
