start=6646.166667
volume=98.000000
sub-delay=-4.599998
