start=5522.099917
volume=70.000000
