start=364.264264
volume=85.000000
fullscreen=yes
