start=2600.515000
volume=75.000000
fullscreen=yes
