start=5403.750000
volume=130.000000
fullscreen=yes
