start=6071.523792
volume=130.000000
fullscreen=yes
