start=7389.666667
sid=1
sub-delay=-5.999997
