start=2793.166667
fullscreen=yes
sub-delay=14.900021
