start=3590.754000
volume=70.000000
fullscreen=yes
sid=7
