start=2656.521000
volume=85.000000
fullscreen=yes
