start=280.780500
sid=1
sub-delay=30.500080
