start=5682.840000
fullscreen=yes
sid=2
sub-delay=26.000063
