start=3447.152000
fullscreen=yes
sid=4
sub-delay=-8.999998
