start=3084.311000
volume=90.000000
fullscreen=yes
sid=6
