start=6935.637042
volume=130.000000
sub-delay=-1.800000
