start=5390.116764
volume=85.000000
