start=5665.618292
audio-delay=0.100000
sid=2
