start=3304.635000
fullscreen=yes
aid=1
sid=3
sub-delay=-0.000002
