start=442.500000
sid=no
sub-delay=-22.800053
