start=8122.096122
sub-delay=-1.200000
sub-pos=99
