start=247.180514
volume=60.000000
