start=2308.931625
sid=2
sub-delay=20.400042
