start=5510.546708
volume=80.000000
fullscreen=yes
