start=6451.049000
fullscreen=yes
sid=2
sub-delay=-8.499996
