start=6126.411958
sid=3
sub-delay=-32.800072
