start=5278.356417
volume=120.000000
sid=2
sub-delay=-13.900017
