start=899.333333
fullscreen=yes
ab-loop-a=898.083333
