start=30.334000
ab-loop-a=28.734000
