start=5883.049716
sub-delay=-0.000000
