start=6301.878917
volume=76.000000
fullscreen=yes
sid=1
