start=6864.858000
sub-delay=-7.999995
