start=208.135000
ab-loop-a=8.644000
